震动报警
A5 5A 19 00 00 01 02 03 00 00 00 00 00 00 00 00 00 00 00 00 00 01 30 00 01 02 03 00 00 00 00 00 00 00 00 00 00 00 00 00 64 00 00 00 01 00 64 63 95 6A

A5 5A 19 00 00 01 02 03 00 00 00 00 00 00 00 00 00 00 00 00 00 01 30 00 01 02 03 00 00 00 00 00 00 00 00 00 00 00 00 00 64 00 00 00 00 00 95 6A
距离
A5 5A 1b 00 00 01 02 03 00 00 00 00 00 00 00 00 00 00 00 00 00 01 31 00 01 02 03 00 00 00 00 00 00 00 00 00 00 00 00 00 64 00 00 00 00 00 66 66 9e 41 95 6A 

距离报警 409CCCCD
A5 5A 1b 00 00 01 02 03 00 00 00 00 00 00 00 00 00 00 00 00 00 01 31 00 01 02 03 00 00 00 00 00 00 00 00 00 00 00 00 00 64 00 00 00 01 00 40 9c cc cd 95 6A

温度
A5 5A 1b 00 00 01 02 03 00 00 00 00 00 00 00 00 00 00 00 00 00 01 32 00 01 02 03 00 00 00 00 00 00 00 00 00 00 00 00 00 64 00 00 00 00 00 CD CC D8 41 95 6A 

温度报警 
A5 5A 1b 00 00 01 02 03 00 00 00 00 00 00 00 00 00 00 00 00 00 01 32 00 01 02 03 00 00 00 00 00 00 00 00 00 00 00 00 00 64 00 00 00 01 00 CD CC D8 41 95 6A

加速度
A5 5A 1d 00 00 01 02 03 00 00 00 00 00 00 00 00 00 00 00 00 00 01 33 00 01 02 03 00 00 00 00 00 00 00 00 00 00 00 00 00 64 00 00 00 00 00 10 00 10 20 10 30 95 6A

气象
a5 5a 39 00 00 01 02 03 00 00 00 00 00 00 00 00 00 00 00 00 00 01 34 00 01 02 03 00 00 00 00 00 00 00 00 00 00 00 00 00 64 00 00 00 00 00 0f a0 38 00 8f c2 f5 3c 33 33 e7 41 66 66 74 42 14 3e 68 44 0c 00 01 00 66 66 56 42 00 00 f7 42 01 02 95 6A

A5 5A 39 00 AA 00 00 00 00 00 00 00 00 00 00 00 00 00 00 00 00 01 34 AA 00 00 00 00 00 00 00 00 00 00 00 00 00 00 00 00 00 00 00 00 00 00 0F A0 00 00 39 17 BA 3C B1 25 AB 41 E8 9C 6A 42 D6 88 7D 44 0E 01 00 00 00 00 00 00 00 00 00 00 00 00 00 00 
图片
A5 5A 29 00 00 01 02 03 00 00 00 00 00 00 00 00 00 00 00 00 00 01 35 00 01 02 03 00 00 00 00 00 00 00 00 00 00 00 00 00 64 00 00 00 01 00 30 00 01 00 ff d8 ff fe 00 24 2d 00 08 08 00 00 00 00 95 6A

A5 5A 29 00 00 01 02 03 00 00 00 00 00 00 00 00 00 00 00 00 00 01 35 00 01 02 03 00 00 00 00 00 00 00 00 00 00 00 00 00 64 00 00 00 01 00 30 00 2e 00 ff d8 ff fe 00 24 2d 00 08 08 00 00 00 01 95 6A